
2021-07-29 20:10:12

####################################################################################################
     Training Records
####################################################################################################

     epoch:107                    loss:5.1207828199520736e-05

     train_acc:100.0                    val_acc:99.03846153846153

####################################################################################################
                                             Accuracies
####################################################################################################
              precision    recall  f1-score   support

           0       1.00      1.00      1.00        31
           1       0.97      0.98      0.98       999
           2       0.97      0.99      0.98       581
           3       0.99      0.94      0.96       165
           4       0.97      1.00      0.98       337
           5       0.97      0.99      0.98       511
           6       1.00      0.95      0.97        19
           7       1.00      1.00      1.00       334
           8       1.00      0.79      0.88        14
           9       0.99      0.97      0.98       679
          10       1.00      0.98      0.99      1718
          11       0.99      0.99      0.99       414
          12       1.00      1.00      1.00       143
          13       1.00      1.00      1.00       885
          14       0.99      0.97      0.98       269
          15       0.98      1.00      0.99        64

    accuracy                           0.99      7163
   macro avg       0.99      0.97      0.98      7163
weighted avg       0.99      0.99      0.99      7163

test_confusion_matrix: 
   31     0     0     0     0     0     0     0     0     0     0     0     0     0     0     0
    0   983     7     2     0     2     0     0     0     1     1     1     0     0     2     0
    0     4   575     0     0     0     0     0     0     0     0     2     0     0     0     0
    0     4     6   155     0     0     0     0     0     0     0     0     0     0     0     0
    0     0     0     0   337     0     0     0     0     0     0     0     0     0     0     0
    0     0     0     0     0   508     0     0     0     0     3     0     0     0     0     0
    0     0     0     0     1     0    18     0     0     0     0     0     0     0     0     0
    0     0     0     0     0     0     0   334     0     0     0     0     0     0     0     0
    0     0     1     0     0     2     0     0    11     0     0     0     0     0     0     0
    0    11     0     0     6     0     0     0     0   662     0     0     0     0     0     0
    0     4     3     0     0    12     0     0     0     7  1692     0     0     0     0     0
    0     3     0     0     1     0     0     0     0     0     0   409     0     0     0     1
    0     0     0     0     0     0     0     0     0     0     0     0   143     0     0     0
    0     0     1     0     3     0     0     0     0     0     0     0     0   881     0     0
    0     2     0     0     0     0     0     0     0     0     4     0     0     2   261     0
    0     0     0     0     0     0     0     0     0     0     0     0     0     0     0    64
