
2021-07-28 15:06:24

####################################################################################################
     Training Records
####################################################################################################

     epoch:88                    loss:0.0007458042225014972

     train_acc:100.0                    val_acc:98.9423076923077

####################################################################################################
                                             Accuracies
####################################################################################################
              precision    recall  f1-score   support

           0       1.00      0.90      0.95        31
           1       0.98      0.98      0.98       999
           2       0.93      0.98      0.96       581
           3       1.00      0.91      0.95       165
           4       0.98      1.00      0.99       337
           5       0.99      1.00      1.00       511
           6       1.00      0.95      0.97        19
           7       1.00      1.00      1.00       334
           8       1.00      0.86      0.92        14
           9       0.98      0.99      0.99       679
          10       1.00      0.99      0.99      1718
          11       0.98      0.95      0.97       414
          12       1.00      1.00      1.00       143
          13       0.99      1.00      0.99       885
          14       1.00      0.98      0.99       269
          15       0.96      1.00      0.98        64

    accuracy                           0.99      7163
   macro avg       0.99      0.97      0.98      7163
weighted avg       0.99      0.99      0.99      7163

test_confusion_matrix: 
   28     0     0     0     0     3     0     0     0     0     0     0     0     0     0     0
    0   975    15     0     0     0     0     0     0     7     1     1     0     0     0     0
    0     2   571     0     2     0     0     0     0     1     0     0     0     5     0     0
    0     1     8   150     0     0     0     0     0     0     0     6     0     0     0     0
    0     0     0     0   337     0     0     0     0     0     0     0     0     0     0     0
    0     0     0     0     0   511     0     0     0     0     0     0     0     0     0     0
    0     0     0     0     1     0    18     0     0     0     0     0     0     0     0     0
    0     0     0     0     0     0     0   334     0     0     0     0     0     0     0     0
    0     0     2     0     0     0     0     0    12     0     0     0     0     0     0     0
    0     6     0     0     1     0     0     0     0   672     0     0     0     0     0     0
    0     7     5     0     3     0     0     0     0     5  1698     0     0     0     0     0
    0     4    10     0     0     0     0     0     0     0     1   395     0     0     1     3
    0     0     0     0     0     0     0     0     0     0     0     0   143     0     0     0
    0     0     0     0     0     0     0     0     0     0     0     0     0   885     0     0
    0     0     1     0     0     1     0     0     0     0     0     0     0     4   263     0
    0     0     0     0     0     0     0     0     0     0     0     0     0     0     0    64
