
2021-07-29 19:37:54

####################################################################################################
     Training Records
####################################################################################################

     epoch:182                    loss:3.937080403620447e-05

     train_acc:100.0                    val_acc:90.71969696969697

####################################################################################################
                                             Accuracies
####################################################################################################
              precision    recall  f1-score   support

           0       1.00      0.99      0.99       532
           1       0.85      0.64      0.73       169
           2       0.78      0.97      0.87       178
           3       0.82      0.57      0.67       175
           4       0.93      0.86      0.89       112
           5       0.94      0.94      0.94       160
           6       0.94      1.00      0.97        73
           7       0.87      1.00      0.93       301
           8       0.98      1.00      0.99       364
           9       0.70      0.64      0.67       282
          10       0.96      1.00      0.98       293
          11       0.80      0.75      0.77       351
          12       0.93      1.00      0.96       648

    accuracy                           0.90      3638
   macro avg       0.89      0.87      0.88      3638
weighted avg       0.90      0.90      0.90      3638

test_confusion_matrix: 
  527     0     0     2     0     0     0     3     0     0     0     0     0
    0   109    21     0     0     0     1     1     1    26     0     7     3
    0     2   173     0     0     1     1     1     0     0     0     0     0
    0     7    10   100     1     9     2    11     0    18     5    12     0
    0     2     5     8    96     0     0     0     0     0     0     1     0
    0     2     4     0     0   151     1     0     0     2     0     0     0
    0     0     0     0     0     0    73     0     0     0     0     0     0
    1     0     0     0     0     0     0   300     0     0     0     0     0
    0     0     0     0     0     0     0     0   364     0     0     0     0
    0     4     1    10     6     0     0    18     7   181     4    41    10
    0     0     0     0     0     0     0     0     0     0   293     0     0
    0     2     7     2     0     0     0     9     0    30     2   262    37
    0     0     0     0     0     0     0     0     0     0     0     3   645
