
2021-07-29 18:17:44

####################################################################################################
     Training Records
####################################################################################################

     epoch:86                    loss:0.0035709600144797336

     train_acc:99.8714953271028                    val_acc:99.13712686567165

####################################################################################################
                                             Accuracies
####################################################################################################
              precision    recall  f1-score   support

           0       0.98      0.99      0.99      4641
           1       1.00      1.00      1.00     13054
           2       0.97      0.96      0.96      1469
           3       1.00      0.98      0.99      2144
           4       0.99      1.00      1.00       941
           5       1.00      1.00      1.00      3520
           6       0.98      0.97      0.97       931
           7       0.98      0.97      0.97      2576
           8       0.99      0.99      0.99       662

    accuracy                           0.99     29938
   macro avg       0.99      0.98      0.99     29938
weighted avg       0.99      0.99      0.99     29938

test_confusion_matrix: 
 4603     0     5     0     3     0    10    20     0
    1 13042     0     6     0     4     0     0     1
   15     0  1408     0     0     0    11    34     1
   15    15     4  2107     0     0     0     2     1
    0     0     0     0   941     0     0     0     0
    0     8     1     0     0  3510     0     1     0
   16     0     1     0     4     0   902     7     1
   33     2    40     0     0     0     2  2499     0
    5     0     0     0     0     0     0     0   657
